#one-scaled MTG generated by module "trees"								
CODE:	FORM-A							
								
CLASSES:								
SYMBOL	SCALE	DECOMPOSITION	INDEXATION	DEFINITION				
$	0	FREE      	FREE      	IMPLICIT				
N	1	CONNECTED 	FREE      	IMPLICIT				
V	2	NONE      	FREE      	EXPLICIT				
								
DESCRIPTION:								
LEFT	RIGHT	RELTYPE	MAX					
V	V	+	?					
V	V	<	?					
								
FEATURES:								
NAME	TYPE							
								
Length	INT							
HalfNbCat	INT							
HalfNbLeaves	INT							
IN	INT							
								
MTG:								
ENTITY-CODE					Length	HalfNbCat	HalfNbLeaves	IN
/N0								
	/V0				318	16	3	18
	^<V1				6	2	1	3
	^<V2				16	3	2	4
	^<V3				18	2	1	3
	^<V4				32	2	1	3
	^<V5				67	3	2	5
		+V6			46	1	0	1
		^<V7			58	2	1	3
		^<V8			48	2	1	3
		^<V9			61	2	1	3
		^<V10			27	3	1	3
		^<V11			74	3	2	4
		^<V12			51	2	1	3
		^<V13			63	2	1	3
		^<V14			31	2	1	3
		+V15			42	1	0	1
		^<V16			52	2	1	3
		^<V17			57	3	1	4
		^<V18			65	2	2	4
		^<V19			65	2	2	4
		^<V20			59	2	2	4
		^<V21			71	2	2	4
		^<V22			82	2	2	4
		^<V23			38	3	1	4
			+V24		19	1	0	1
			+V25		24	1	0	1
	^<V26				76	2	1	3
	^<V27				73	3	2	5
	^<V28				94	2	2	4
		+V29			109	1	1	2
		^<V30			53	3	1	4
		^<V31			93	4	2	5
		^<V32			107	3	2	5
		^<V33			38	3	1	3
		^<V34			45	3	1	4
		+V35			99	1	1	2
		^<V36			100	5	2	7
		^<V37			89	2	2	4
		^<V38			89	2	2	4
		^<V39			116	2	3	5
			+V40		10	1	0	1
			+V41		9	1	0	1
			^<V42		3	3	0	3
		^<V43			53	3	1	4
	^<V44				101	3	1	4
	^<V45				62	4	2	5
	^<V46				62	4	1	4
		+V47			130	2	2	3
		^<V48			49	3	1	4
		^<V49			51	3	2	5
		^<V50			104	2	2	4
	^<V51				93	1	2	3
		+V52			95	1	1	2
		^<V53			76	2	2	4
		^<V54			72	2	2	4
		^<V55			165	3	3	6
			+V56		25	1	0	1
			+V57		25	1	0	1
	^<V58				145	4	4	8
	^<V59				70	4	2	6
		+V60			162	2	2	4
		^<V61			90	8	1	9
			+V62		83	1	0	1
			^<V63		5	4	1	4
	^<V64				107	6	1	7
		+V65			139	2	3	4
/N1								
	/V0				200	10	3	13
	^<V1				9	3	2	5
	^<V2				15	2	1	3
	^<V3				25	3	2	4
	^<V4				33	2	1	3
	^<V5				48	3	2	5
	^<V6				45	3	2	4
	^<V7				78	3	2	5
		+V8			59	1	1	2
		^<V9			88	2	2	4
		^<V10			44	2	1	3
		^<V11			47	4	1	5
		+V12			59	1	1	2
		^<V13			79	2	2	4
		^<V14			47	2	1	3
		^<V15			56	3	1	4
		^<V16			52	3	1	4
		^<V17			34	2	1	3
	^<V18				74	3	2	5
	^<V19				58	2	2	4
	^<V20				81	5	2	6
		+V21			27	1	0	1
		^<V22			89	3	1	4
		+V23			27	1	0	1
		^<V24			89	3	1	4
		+V25			13	1	0	1
		^<V26			93	4	1	4
		^<V27			64	3	1	4
		^<V28			64	3	1	4
		+V29			10	1	0	1
		^<V30			92	4	1	4
		^<V31			70	3	1	4
		^<V32			64	2	1	3
/N2								
	/V0				227	12	2	13
	^<V1				8	2	1	3
	^<V2				18	2	1	3
	^<V3				44	2	2	4
	^<V4				36	2	1	3
	^<V5				82	3	2	5
		+V6			17	1	0	1
		^<V7			53	2	1	3
		^<V8			53	2	1	3
		^<V9			58	3	1	4
		^<V10			67	2	1	3
		^<V11			53	2	1	3
		^<V12			51	2	1	3
		^<V13			68	2	1	3
		^<V14			38	2	1	3
		+V15			16	1	0	1
		^<V16			61	2	1	3
		^<V17			52	2	1	3
		^<V18			53	3	1	4
		^<V19			77	3	1	4
		^<V20			10	3	0	3
		^<V21			36	2	1	3
		^<V22			59	2	1	3
		^<V23			62	3	1	4
	^<V24				67	4	1	5
	^<V25				46	3	1	4
	^<V26				46	3	1	4
	^<V27				152	3	2	5
		+V28			35	1	0	1
		^<V29			62	4	1	4
		^<V30			51	2	1	3
		^<V31			110	4	2	5
		^<V32			40	4	1	4
		+V33			40	1	0	1
		^<V34			85	3	1	4
		^<V35			56	2	1	3
		^<V36			93	3	2	4
		^<V37			89	3	2	4
		^<V38			23	3	1	3
	^<V39				40	4	1	4
	^<V40				62	4	1	5
	^<V41				172	3	2	5
		+V42			90	1	0	1
		^<V43			77	2	1	3
		^<V44			67	3	1	4
		+V45			85	1	0	1
		^<V46			74	2	2	4
		^<V47			20	3	0	3
		^<V48			40	2	1	3
	^<V49				125	4	2	6
	^<V50				125	5	2	7
		+V51			20	1	0	1
		+V52			20	1	0	1
/N3								
	/V0				115	11	3	14
	^<V1				37	2	2	4
	^<V2				39	2	2	4
	^<V3				94	2	2	4
	^<V4				94	2	2	4
	^<V5				108	2	2	4
		+V6			92	1	1	2
		^<V7			133	3	2	5
		^<V8			73	3	2	4
		^<V9			86	3	2	4
		^<V10			50	2	2	3
		^<V11			21	3	1	3
		^<V12			2	2	0	2
	^<V13				177	3	3	6
	^<V14				82	2	2	4
		+V15			47	1	0	1
		^<V16			57	3	1	4
		^<V17			56	2	1	3
		^<V18			110	2	2	4
		^<V19			104	2	2	4
		^<V20			30	2	1	3
		+V21			52	1	0	1
		^<V22			63	3	1	4
		^<V23			77	2	1	3
		^<V24			107	2	2	4
		^<V25			71	2	1	3
		^<V26			36	4	1	5
	^<V27				157	3	2	5
	^<V28				115	3	3	6
		+V29			104	1	1	2
		^<V30			115	2	2	4
		^<V31			85	3	2	4
		^<V32			99	2	2	4
		+V33			42	1	0	1
		^<V34			141	2	2	4
		^<V35			106	2	2	4
		^<V36			106	2	2	4
		^<V37			86	3	2	4
	^<V38				104	3	1	4
	^<V39				163	3	2	5
		+V40			15	1	1	2
		^<V41			176	4	2	6
	^<V42				126	4	3	6
		+V43			100	1	1	2
/N4								
	/V0				210	11	2	12
	^<V1				8	2	1	3
	^<V2				3	2	1	3
	^<V3				12	3	1	4
	^<V4				20	2	2	4
	^<V5				23	3	1	4
	^<V6				52	3	2	5
		+V7			12	1	0	1
		^<V8			42	2	1	3
		^<V9			32	2	1	3
		^<V10			39	2	1	3
		^<V11			47	2	1	3
		+V12			11	1	0	1
		^<V13			53	2	1	3
		^<V14			37	2	1	3
		^<V15			46	2	1	3
		^<V16			29	2	1	3
		^<V17			103	3	2	5
		^<V18			59	2	2	4
		^<V19			85	3	2	5
		^<V20			29	2	1	3
		^<V21			33	3	1	4
	^<V22				58	3	1	4
	^<V23				104	3	2	5
	^<V24				57	3	1	4
/N5								
	/V0				213	8	2	10
	^<V1				13	4	2	5
	^<V2				10	2	1	3
	^<V3				23	2	2	4
	^<V4				17	3	1	4
	^<V5				54	3	2	5
	^<V6				70	2	2	4
	^<V7				127	3	3	6
		+V8			69	1	1	2
		^<V9			28	2	1	3
		^<V10			52	2	1	3
		^<V11			21	3	1	3
		^<V12			31	2	1	2
		+V13			66	1	1	2
		^<V14			44	3	1	4
		^<V15			31	4	1	4
		^<V16			44	2	1	3
		^<V17			59	2	1	3
		^<V18			53	3	1	4
		^<V19			39	4	1	5
	^<V20				39	3	1	4
	^<V21				113	3	2	5
	^<V22				113	4	0	4
	^<V23				49	2	2	4
		+V24			32	1	0	1
		^<V25			82	3	1	4
		^<V26			60	2	1	3
		^<V27			10	4	0	4
		^<V28			40	2	1	3
		+V29			30	1	0	1
		^<V30			92	3	1	4
		^<V31			58	2	1	3
		^<V32			62	2	1	3
		^<V33			54	3	1	4
	^<V34				157	3	2	5
	^<V35				110	3	2	5
		+V36			57	1	0	1
		^<V37			83	2	1	3
		^<V38			34	4	1	5
		+V39			46	1	0	1
		^<V40			81	3	1	4
		^<V41			41	6	1	7
/N6								
	/V0				288	10	2	12
	^<V1				9	2	1	3
	^<V2				9	2	1	3
	^<V3				11	3	1	4
	^<V4				66	4	2	5
	^<V5				93	2	2	4
	^<V6				175	4	3	6
	^<V7				131	4	3	6
		+V8			64	1	1	2
		^<V9			46	2	1	3
		^<V10			61	2	1	3
		^<V11			64	2	1	3
		^<V12			22	2	1	3
		+V13			26	1	0	1
		^<V14			60	2	1	3
		^<V15			52	2	1	3
		^<V16			129	3	2	5
		^<V17			83	2	2	4
	^<V18				19	4	0	4
	^<V19				50	3	2	4
	^<V20				198	3	3	6
		+V21			113	1	1	2
		^<V22			123	2	2	4
	^<V23				177	4	3	6
		+V24			65	1	1	2
		^<V25			130	4	2	6
		^<V26			150	4	2	6
			+V27		19	1	0	1
			+V28		17	1	0	1
/N7								
	/V0				206	12	2	13
	^<V1				45	2	2	4
	^<V2				27	2	2	4
	^<V3				35	2	1	3
	^<V4				66	3	3	6
		+V5			30	1	1	2
		^<V6			64	1	2	3
		^<V7			105	2	2	4
		^<V8			125	2	2	4
		^<V9			122	3	2	5
		^<V10			73	3	2	5
		^<V11			40	3	1	4
		+V12			25	1	1	2
		^<V13			64	1	2	3
		^<V14			99	2	2	4
		^<V15			116	2	2	4
		^<V16			98	2	2	4
		^<V17			115	3	3	6
			+V18		15	1	0	1
			^<V19		52	2	1	3
			^<V20		56	3	1	4
			^<V21		53	2	1	3
			^<V22		58	3	1	4
			+V23		17	1	0	1
			^<V24		64	2	1	3
			^<V25		56	3	1	4
		^<V26			87	2	2	4
		^<V27			105	3	2	5
		^<V28			115	3	2	5
		^<V29			98	3	2	5
	^<V30				37	3	0	3
	^<V31				104	3	2	5
	^<V32				149	2	3	5
		+V33			32	1	0	1
		^<V34			88	3	1	4
		^<V35			110	4	3	6
		^<V36			94	2	2	4
		^<V37			40	4	1	4
		^<V38			47	1	1	2
		^<V39			56	3	2	5
		^<V40			95	3	2	5
		+V41			34	1	0	1
		^<V42			91	3	1	4
		^<V43			150	3	3	6
		^<V44			64	3	1	4
	^<V45				111	3	2	5
	^<V46				127	3	3	6
		+V47			52	1	1	2
		^<V48			130	2	3	5
		^<V49			114	4	2	6
		^<V50			147	3	2	5
			+V51		25	1	0	1
			^<V52		73	2	1	3
			+V53		21	1	0	1
			^<V54		75	2	1	3
		^<V55			147	3	2	5
		+V56			39	1	0	1
		^<V57			86	3	1	4
		^<V58			158	3	2	5
		^<V59			141	3	2	5
			+V60		18	1	0	1
			+V61		22	1	0	1
			^<V62		48	4	1	4
		^<V63			132	3	2	5
	^<V64				161	3	2	5
	^<V65				92	3	2	5
		+V66			44	1	0	1
		^<V67			167	3	2	5
		^<V68			144	3	2	5
			+V69		28	1	0	1
			^<V70		42	4	1	4
		^<V71			130	3	2	5
		+V72			45	1	0	1
		^<V73			172	3	2	5
		^<V74			142	3	2	5
			+V75		32	1	0	1
			^<V76		111	5	1	6
			^<V77		95	2	2	4
			+V78		33	1	0	1
			^<V79		110	5	1	6
			^<V80		68	3	1	4
		^<V81			210	5	3	8
		^<V82			196	2	3	5
			+V83		37	1	0	1
			+V84		37	1	0	1
	^<V85				319	6	3	9
	^<V86				315	4	4	8
		+V87			150	1	1	2
		^<V88			160	6	3	9
			+V89		44	1	0	1
			^<V90		90	4	0	4
			^<V91		61	3	1	4
			+V92		50	1	0	1
			^<V93		15	5	0	5
		^<V94			18	4	0	4
		^<V95			132	4	2	6
			+V96		20	1	0	1
		+V97			139	1	1	2
		^<V98			164	4	3	7
			+V99		60	1	0	1
			^<V100		84	3	1	4
			+V101		40	1	0	1
			^<V102		72	4	1	5
		^<V103			22	4	0	4
		^<V104			86	3	1	4
		^<V105			66	3	3	6
		+V106			83	1	0	1
		^<V107			120	5	2	7
		^<V108			81	3	1	4
			+V109		102	1	1	2
		^<V110			150	4	2	6
	^<V111				74	7	3	9
	^<V112				155	8	2	10
		+V113			62	1	0	1
/N8								
	/V0				293	8	2	10
	^<V1				65	2	3	5
	^<V2				8	2	1	3
	^<V3				16	2	1	3
	^<V4				31	2	2	4
	^<V5				67	2	2	4
		+V6			19	1	0	1
		^<V7			121	3	3	5
		^<V8			78	2	2	4
		^<V9			93	2	2	4
		^<V10			135	2	3	5
			+V11		15	1	0	1
			^<V12		57	3	1	4
		^<V13			79	2	2	4
			+V14		12	1	0	1
			^<V15		21	3	1	3
			+V16		9	1	0	1
		^<V17			36	2	1	3
		+V18			20	1	0	1
		^<V19			103	2	2	4
		^<V20			90	2	2	4
		^<V21			100	2	2	4
		^<V22			97	2	2	4
		^<V23			137	2	3	5
			+V24		14	1	0	1
			^<V25		52	2	1	3
			+V26		16	1	0	1
			^<V27		66	2	1	3
		^<V28			83	2	2	4
	^<V29				90	2	2	4
	^<V30				87	2	2	4
		+V31			23	1	0	1
		^<V32			74	2	1	3
		^<V33			104	2	2	4
		^<V34			89	2	2	4
			+V35		11	1	0	1
			^<V36		35	6	1	6
		^<V37			77	2	2	4
		^<V38			76	3	2	4
		+V39			25	1	0	1
		^<V40			73	2	1	3
		^<V41			107	2	2	4
		^<V42			73	2	2	4
		^<V43			96	2	2	4
			+V44		17	1	0	1
			^<V45		69	2	1	3
			^<V46		43	2	1	3
			^<V47		38	2	1	3
			+V48		12	1	0	1
			^<V49		63	2	1	3
			^<V50		38	2	1	3
			^<V51		47	2	1	3
		^<V52			108	2	2	4
		^<V53			106	3	2	5
		^<V54			104	2	2	4
	^<V55				90	3	1	4
	^<V56				162	3	3	6
	^<V57				137	5	3	8
		+V58			81	1	1	2
		^<V59			125	4	2	5
		^<V60			126	3	2	5
			+V61		22	1	0	1
			^<V62		84	2	1	3
			^<V63		51	2	1	3
			+V64		16	1	0	1
			^<V65		9	3	0	3
			^<V66		75	2	1	3
		^<V67			155	3	2	5
		^<V68			131	3	2	5
			+V69		15	1	0	1
			+V70		15	1	0	1
		+V71			75	1	1	2
		^<V72			120	4	1	5
		^<V73			152	3	2	5
			+V74		13	1	0	1
			^<V75		105	2	1	3
			+V76		15	1	0	1
			^<V77		7	2	0	2
		^<V78			143	3	2	5
		+V79			35	1	0	1
		^<V80			57	3	1	4
		+V81			40	1	0	1
		^<V82			68	3	1	4
		^<V83			80	2	1	3
		^<V84			124	3	2	5
		^<V85			189	2	3	5
			+V86		24	1	0	1
			^<V87		36	3	1	3
			+V88		31	1	0	1
			^<V89		87	2	1	3
		^<V90			59	2	2	4
	^<V91				140	5	0	5
	^<V92				176	5	2	7
	^<V93				265	5	4	9
		+V94			120	1	1	2
		^<V95			164	3	2	5
			+V96		22	1	0	1
			^<V97		93	2	1	3
			+V98		17	1	0	1
			^<V99		143	2	2	4
		^<V100			158	3	2	5
		^<V101			116	3	2	5
			+V102		10	1	0	1
			+V103		10	1	0	1
		+V104			125	1	1	2
		^<V105			166	3	2	5
			+V106		20	1	0	1
			^<V107		113	3	2	4
			+V108		24	1	0	1
			^<V109		133	2	2	4
			^<V110		43	2	1	3
		^<V111			187	3	3	6
		^<V112			167	3	3	6
			+V113		15	1	0	1
			+V114		15	1	0	1
		+V115			56	1	0	1
		^<V116			173	3	2	5
		^<V117			166	3	3	5
			+V118		26	1	0	1
		^<V119			170	3	3	6
			+V120		20	1	0	1
			+V121		15	1	0	1
		+V122			88	2	1	2
		^<V123			190	2	3	5
		^<V124			237	3	4	6
			+V125		84	1	1	2
			+V126		20	1	0	1
			+V127		21	1	0	1
	^<V128				227	3	3	6
	^<V129				344	3	6	9
		+V130			178	1	2	3
		^<V131			251	3	4	7
			+V132		82	1	1	2
			+V133		83	1	1	2
			+V134		30	1	0	1
			^<V135		69	2	1	3
	^<V136				115	5	5	9
		+V137			193	1	3	4
		^<V138			304	3	3	6
			+V139		23	1	0	1
			+V140		20	1	0	1
			+V141		10	1	0	1
			+V142		10	1	0	1
		+V143			169	1	3	4
		^<V144			158	4	2	6
			+V145		18	1	0	1
			+V146		18	1	0	1
		+V147			164	1	2	3
		^<V148			151	3	2	5
			+V149		16	1	0	1
			+V150		13	1	0	1
		+V151			165	1	2	3
		^<V152			192	4	3	7
			+V153		16	1	0	1
			+V154		16	1	0	1
		+V155			107	1	1	2
		^<V156			201	3	3	6
			+V157		17	1	0	1
			+V158		16	1	0	1
	^<V159				27	6	0	6
/N9								
	/V0				226	8	2	10
	^<V1				53	2	2	4
	^<V2				18	3	2	4
	^<V3				40	2	2	4
	^<V4				93	2	3	5
		+V5			17	1	1	2
		^<V6			132	2	2	4
		^<V7			123	2	2	4
		^<V8			94	3	2	5
		^<V9			92	5	2	7
		^<V10			107	2	2	4
		^<V11			64	4	2	6
	^<V12				160	3	3	6
		+V13			89	1	1	2
		^<V14			147	3	2	5
		^<V15			163	2	3	5
		^<V16			20	4	0	4
		^<V17			62	3	2	5
	^<V18				245	3	4	7
		+V19			94	1	1	2
		^<V20			169	3	3	6
		^<V21			29	3	2	5
			+V22		25	1	0	1
			^<V23		19	1	1	2
			^<V24		42	3	1	4
			^<V25		53	2	1	3
		^<V26			29	2	1	3
		^<V27			67	3	2	5
		^<V28			119	4	2	6
	^<V29				264	4	5	8
		+V30			145	1	2	3
		^<V31			60	4	2	6
			+V32		20	1	0	1
			^<V33		60	2	1	3
			^<V34		48	4	1	5
			^<V35		72	3	1	4
			+V36		20	1	0	1
			^<V37		62	2	1	3
			^<V38		102	4	2	6
			^<V39		59	3	1	4
		^<V40			48	3	1	4
		^<V41			165	3	3	6
		^<V42			269	3	4	7
			+V43		88	1	1	2
			+V44		88	1	1	2
			^<V45		22	5	0	5
		^<V46			29	8	0	8
		^<V47			17	9	0	9
		+V48			54	1	1	2
		^<V49			45	3	2	5
		^<V50			19	3	0	3
		^<V51			152	3	3	6
		^<V52			231	3	3	6
			+V53		15	1	0	1
			^<V54		40	4	0	4
		^<V55			112	6	2	8
			+V56		24	1	0	1
	^<V57				145	6	5	11
		+V58			4	1	0	1
		^<V59			67	2	1	3
			+V60		2	1	0	1
			^<V61		80	4	1	5
			^<V62		165	3	2	5
			+V63		2	1	0	1
			^<V64		77	3	1	4
			^<V65		164	3	2	5
		^<V66			155	5	2	7
		^<V67			316	3	4	7
			+V68		89	1	1	2
			+V69		80	1	1	2
		^<V70			170	3	3	6
			+V71		24	1	0	1
			+V72		24	1	0	1
	^<V73				180	4	3	7
		+V74			177	1	2	3
		^<V75			257	3	4	7
			+V76		22	1	0	1
			+V77		22	1	0	1
		^<V78			166	3	3	6
			+V79		20	1	0	1
			+V80		20	1	0	1
	^<V81				350	4	5	9
	^<V82				289	6	5	11
		+V83			129	1	2	3
		+V84			143	1	2	3
		+V85			105	1	1	2
		+V86			94	1	1	2
/N10								
	/V0				11	2	0	2
		+V1			244	8	2	10
		^<V2			11	3	2	5
		^<V3			11	2	1	3
		^<V4			29	3	2	5
		^<V5			82	3	4	6
			+V6		57	1	1	2
			^<V7		79	2	2	4
			^<V8		88	2	2	4
			^<V9		97	2	2	4
			^<V10		98	3	3	6
			^<V11		116	2	3	5
		^<V12			65	2	2	4
		^<V13			130	3	3	6
			+V14		34	1	0	1
			^<V15		92	3	2	4
			^<V16		45	3	2	4
			^<V17		76	2	2	4
			^<V18		46	2	1	3
			^<V19		55	2	1	3
			+V20		33	1	0	1
			^<V21		61	2	1	3
			^<V22		25	2	1	3
			^<V23		138	2	3	5
			^<V24		108	4	3	6
		^<V25			133	5	2	7
		^<V26			132	4	3	7
			+V27		145	1	1	2
			^<V28		115	1	2	3
			^<V29		105	3	2	5
				+V30	22	1	0	1
				^<V31	85	4	1	5
			^<V32		155	3	3	6
			^<V33		188	2	3	5
				+V34	89	1	1	2
				^<V35	22	2	2	4
				+V36	26	1	0	1
			^<V37		45	3	2	5
			+V38		147	1	1	2
			^<V39		110	1	2	3
			^<V40		94	3	2	5
			^<V41		159	4	3	6
				+V42	28	1	0	1
				^<V43	60	3	1	4
			^<V44		100	3	2	5
			^<V45		55	3	2	5
			^<V46		14	3	0	3
			^<V47		27	3	1	3
		^<V48			170	4	1	5
		^<V49			136	4	3	7
			+V50		60	1	0	1
			^<V51		41	3	1	4
			^<V52		152	3	2	5
			^<V53		121	3	3	6
				+V54	25	1	0	1
				+V55	25	1	0	1
			^<V56		72	3	2	5
				+V57	50	1	0	1
				^<V58	90	4	1	5
			^<V59		17	3	0	3
			+V60		60	1	0	1
			^<V61		53	3	1	4
			^<V62		150	3	2	5
			^<V63		88	3	2	5
				+V64	28	1	0	1
				^<V65	83	3	1	4
				+V66	38	1	0	1
				^<V67	76	3	1	4
			^<V68		91	3	2	5
		^<V69			119	3	2	5
		^<V70			101	5	3	7
			+V71		5	1	0	1
			^<V72		93	3	3	6
			^<V73		27	4	0	4
		^<V74			125	7	4	10
			+V75		132	2	2	3
			^<V76		170	2	2	4
			^<V77		215	5	3	8
				+V78	50	1	1	2
				+V79	50	1	1	2
			+V80		95	2	2	3
			^<V81		180	2	2	4
			^<V82		174	5	2	6
				+V83	25	1	0	1
		^<V84			14	4	0	4
/N11								
	/V0				252	9	3	11
	^<V1				5	2	1	3
	^<V2				13	2	1	3
	^<V3				15	2	1	3
	^<V4				36	2	2	4
	^<V5				110	2	3	5
	^<V6				145	2	3	5
		+V7			30	1	0	1
		^<V8			121	2	2	4
		^<V9			90	2	2	4
		^<V10			88	2	2	4
	^<V11				234	2	4	6
		+V12			94	1	1	2
		^<V13			124	2	3	5
		^<V14			153	2	3	5
			+V15		9	1	0	1
			+V16		9	1	0	1
	^<V17				238	3	4	7
		+V18			79	1	1	2
		^<V19			174	2	3	5
		^<V20			50	2	1	3
		^<V21			72	3	1	4
		+V22			31	1	0	1
		^<V23			165	2	3	5
		^<V24			125	2	2	4
		^<V25			59	2	1	3
	^<V26				215	3	3	6
		+V27			94	1	1	2
		^<V28			128	2	2	4
		^<V29			163	2	3	5
			+V30		14	1	0	1
			+V31		16	1	0	1
		^<V32			85	3	2	4
	^<V33				184	3	3	6
		+V34			32	1	0	1
		^<V35			169	3	2	5
		^<V36			131	2	2	4
			+V37		24	1	0	1
			^<V38		62	2	1	3
			+V39		19	1	0	1
			^<V40		7	3	0	3
		^<V41			43	4	1	4
	^<V42				186	3	3	6
		+V43			26	1	0	1
		^<V44			170	3	2	5
		^<V45			138	3	3	6
			+V46		9	1	0	1
			^<V47		95	3	1	4
		^<V48			175	2	3	5
			+V49		20	1	0	1
			^<V50		75	2	1	3
		^<V51			156	2	3	5
			+V52		9	1	0	1
			+V53		8	1	0	1
		+V54			35	1	0	1
		^<V55			256	4	3	7
		^<V56			152	2	3	5
			+V57		14	1	0	1
			+V58		10	1	0	1
		+V59			35	1	0	1
		^<V60			244	4	3	7
		^<V61			155	2	3	5
			+V62		10	1	0	1
			^<V63		88	3	1	4
			+V64		10	1	0	1
			^<V65		127	3	2	4
		^<V66			156	3	3	6
		^<V67			141	2	3	5
			+V68		10	1	0	1
			+V69		10	1	0	1
	^<V70				166	3	2	5
	^<V71				120	3	3	6
		+V72			13	1	0	1
		^<V73			229	3	3	6
		^<V74			213	4	3	7
			+V75		10	1	0	1
			+V76		10	1	0	1
	^<V77				81	4	2	6
		+V78			58	1	0	1
		^<V79			80	2	1	3
		^<V80			109	4	2	6
/N12								
	/V0				270	7	4	11
	^<V1				3	2	1	3
	^<V2				6	2	1	3
	^<V3				22	2	2	4
	^<V4				108	2	2	4
		+V5			19	1	0	1
		^<V6			58	2	1	3
		^<V7			40	2	1	3
		^<V8			70	2	1	3
		^<V9			52	2	1	3
		+V10			13	1	0	1
		^<V11			68	2	1	3
		^<V12			31	2	1	3
		^<V13			68	2	1	3
		^<V14			55	2	1	3
		^<V15			33	3	1	4
		^<V16			40	2	1	3
	^<V17				77	2	2	4
	^<V18				165	2	3	5
		+V19			22	1	0	1
		^<V20			76	2	1	3
		^<V21			57	3	1	4
		^<V22			56	2	1	3
		^<V23			55	2	1	3
		+V24			24	1	0	1
		^<V25			75	2	1	3
		^<V26			47	3	1	4
		^<V27			52	2	1	3
	^<V28				85	2	2	4
	^<V29				71	3	2	5
		+V30			30	1	0	1
		^<V31			75	2	1	3
		^<V32			108	3	2	5
		^<V33			127	2	2	4
			+V34		11	1	0	1
			^<V35		40	3	1	4
		^<V36			54	3	1	4
		+V37			33	1	0	1
		^<V38			75	2	1	3
		^<V39			120	6	2	8
		^<V40			103	2	2	4
	^<V41				320	7	4	11
		+V42			90	1	1	2
		^<V43			150	3	3	5
		^<V44			66	3	2	5
			+V45		7	1	0	1
			^<V46		12	3	0	3
		^<V47			53	3	1	4
		+V48			31	1	0	1
		^<V49			202	2	3	5
		^<V50			124	3	3	6
			+V51		8	1	0	1
			^<V52		111	3	2	4
		^<V53			50	3	1	4
	^<V54				140	3	2	5
	^<V55				70	4	3	7
		+V56			16	1	1	2
		^<V57			165	4	2	6
		+V58			15	1	1	2
		^<V59			91	3	2	5
		^<V60			80	5	1	6
		+V61			11	1	0	1
		^<V62			220	4	3	7
		^<V63			148	3	2	5
			+V64		15	1	0	1
			+V65		15	1	0	1
	^<V66				115	4	2	6
	^<V67				159	3	3	6
		+V68			25	1	0	1
		+V69			25	1	0	1
		+V70			15	1	0	1
		+V71			15	1	0	1
/N13								
	/V0				234	10	3	12
	^<V1				12	4	2	6
	^<V2				9	2	1	3
	^<V3				16	2	2	4
	^<V4				32	3	2	5
	^<V5				46	2	2	4
	^<V6				97	3	3	6
		+V7			38	1	0	1
		^<V8			35	2	1	3
		^<V9			56	2	2	4
		^<V10			68	2	2	4
		^<V11			55	3	2	4
		^<V12			9	3	0	3
		+V13			38	1	0	1
		^<V14			33	2	1	3
		^<V15			66	3	2	4
		^<V16			57	3	2	4
		^<V17			55	2	2	4
		^<V18			39	3	1	4
	^<V19				51	3	1	4
	^<V20				70	3	2	5
	^<V21				102	4	2	6
		+V22			45	1	0	1
		^<V23			43	2	1	3
		^<V24			76	4	1	5
		^<V25			87	4	2	5
		+V26			5	1	0	1
		^<V27			39	2	1	3
		^<V28			106	3	2	5
		^<V29			73	3	1	4
		^<V30			133	3	2	5
			+V31		22	1	0	1
			^<V32		79	3	1	4
			+V33		22	1	0	1
			^<V34		83	3	1	4
			^<V35		58	3	1	4
			^<V36		37	3	2	4
			^<V37		70	3	1	4
		^<V38			132	4	2	6
		^<V39			131	3	2	5
			+V40		19	1	0	1
			^<V41		34	3	1	4
			+V42		18	1	0	1
			^<V43		78	3	2	4
			^<V44		53	3	1	4
		^<V45			94	4	2	5
		^<V46			107	3	2	5
			+V47		30	1	0	1
		+V48			40	1	0	1
		^<V49			52	3	1	4
		^<V50			113	3	2	5
		^<V51			83	3	1	4
		^<V52			125	3	2	5
			+V53		25	1	0	1
			^<V54		59	3	1	4
			+V55		26	1	0	1
			^<V56		62	4	1	5
		^<V57			82	3	1	4
		+V58			39	1	0	1
		^<V59			52	3	1	4
		^<V60			110	4	2	5
		^<V61			104	4	2	5
		^<V62			108	4	2	6
			+V63		23	1	0	1
			^<V64		72	3	1	4
			^<V65		30	3	1	4
			^<V66		67	3	1	4
		^<V67			124	3	2	5
			+V68		24	1	0	1
			^<V69		26	4	1	4
		^<V70			85	5	2	7
		^<V71			137	4	2	6
			+V72		26	1	0	1
			+V73		26	1	0	1
	^<V74				78	6	1	6
	^<V75				95	3	2	5
	^<V76				109	7	0	7
		+V77			121	1	1	2
		^<V78			28	2	1	3
		^<V79			214	4	3	7
			+V80		25	1	0	1
			+V81		25	1	0	1
		^<V82			10	4	0	4
	^<V83				105	6	2	7
/N14								
	/V0				366	10	2	11
	^<V1				47	2	1	3
	^<V2				6	2	1	3
	^<V3				16	3	1	4
	^<V4				46	2	2	4
	^<V5				79	2	2	4
		+V6			30	1	0	1
		^<V7			76	2	1	3
		^<V8			103	2	2	4
		^<V9			88	2	2	4
		^<V10			140	4	2	6
			+V11		12	1	0	1
			+V12		14	1	0	1
			^<V13		5	4	1	4
		+V14			28	1	0	1
		^<V15			81	2	1	3
		^<V16			94	2	2	4
		^<V17			95	2	2	4
		^<V18			135	3	3	5
			+V19		17	1	0	1
			^<V20		54	2	1	3
		^<V21			85	3	2	4
		^<V22			50	4	1	5
	^<V23				25	3	0	3
	^<V24				69	2	1	3
	^<V25				78	4	2	5
	^<V26				108	2	2	4
		+V27			55	1	0	1
		^<V28			157	4	2	5
		^<V29			168	3	2	5
			+V30		64	1	1	2
			+V31		69	1	1	2
		^<V32			114	3	2	4
		^<V33			72	4	1	5
			+V34		30	1	0	1
		+V35			50	1	0	1
		^<V36			77	2	1	3
		^<V37			142	4	2	6
		^<V38			95	2	1	3
		^<V39			137	3	2	5
	^<V40				81	4	0	4
	^<V41				76	3	1	4
	^<V42				201	7	2	9
		+V43			37	1	0	1
		^<V44			6	2	0	2
		+V45			20	1	0	1
/N15								
	/V0				289	8	2	10
	^<V1				6	2	2	4
	^<V2				15	2	2	4
	^<V3				27	2	2	4
	^<V4				53	2	2	4
	^<V5				115	2	3	5
		+V6			31	1	0	1
		^<V7			75	2	1	3
		^<V8			110	2	2	4
		^<V9			36	2	1	3
		^<V10			77	3	2	4
		^<V11			46	2	1	3
		+V12			28	1	0	1
		^<V13			108	3	2	4
		^<V14			90	2	2	4
		^<V15			40	2	1	3
		^<V16			51	2	1	3
	^<V17				103	3	2	5
	^<V18				127	3	3	6
		+V19			30	1	0	1
		^<V20			77	3	1	4
		^<V21			79	2	1	3
		^<V22			92	4	2	5
		^<V23			55	2	1	3
		^<V24			40	4	1	5
		+V25			27	1	0	1
		^<V26			108	3	2	4
		^<V27			57	2	1	3
	^<V28				80	3	2	5
	^<V29				102	4	2	5
	^<V30				231	7	3	10
		+V31			106	1	1	2
		^<V32			32	2	1	3
		+V33			102	1	1	2
		^<V34			73	2	2	4
		+V35			47	1	0	1
		^<V36			14	2	1	3
		+V37			45	1	0	1
		^<V38			31	2	1	3
/N16								
	/V0				211	6	2	8
	^<V1				9	2	1	3
	^<V2				57	2	2	4
	^<V3				53	2	1	3
	^<V4				135	3	2	5
	^<V5				175	2	2	4
		+V6			92	1	1	2
		^<V7			91	3	2	4
		^<V8			123	2	3	5
		+V9			89	1	1	2
		^<V10			94	3	2	4
		^<V11			112	2	2	4
		^<V12			123	4	2	6
			+V13		17	1	0	1
	^<V14				148	3	2	5
	^<V15				206	3	4	7
	^<V16				345	4	4	8
		+V17			146	1	2	3
		^<V18			72	2	1	3
		+V19			140	1	2	3
		^<V20			98	2	2	4
		^<V21			144	2	2	4
		^<V22			59	2	2	4
		+V23			92	1	1	2
		^<V24			175	4	3	7
		^<V25			128	2	2	4
		^<V26			74	3	1	4
		+V27			101	1	1	2
		^<V28			108	3	2	4
		^<V29			109	3	2	4
		^<V30			70	2	3	5
			+V31		50	1	0	1
			^<V32		64	3	1	4
		^<V33			68	4	1	4
	^<V34				135	3	2	5
	^<V35				260	3	3	6
		+V36			80	1	1	2
		^<V37			85	3	2	5
		+V38			113	1	1	2
		^<V39			114	3	3	5
		+V40			52	1	0	1
		^<V41			91	4	3	6
		+V42			55	1	0	1
		^<V43			89	3	2	5
	^<V44				60	3	2	5
	^<V45				63	3	0	3
	^<V46				26	3	0	3
/N17								
	/V0				249	8	2	9
	^<V1				1	3	0	3
	^<V2				4	1	1	2
	^<V3				13	2	1	3
	^<V4				32	2	1	3
	^<V5				35	2	1	3
	^<V6				37	2	1	3
	^<V7				81	2	2	4
	^<V8				124	2	2	4
		+V9			25	1	0	1
		^<V10			61	3	1	4
		^<V11			60	2	1	3
		^<V12			41	6	1	6
		+V13			24	1	0	1
		^<V14			78	4	1	5
		^<V15			35	5	1	5
	^<V16				98	5	1	6
	^<V17				97	3	2	5
	^<V18				83	4	1	5
		+V19			43	1	0	1
/N18								
	/V0				15	2	0	2
		+V1			155	7	3	9
		^<V2			12	2	1	3
		^<V3			10	2	2	3
		^<V4			16	2	1	3
		^<V5			28	2	2	4
		^<V6			67	2	2	4
			+V7		62	1	1	2
			^<V8		20	2	1	3
			^<V9		86	2	2	4
			^<V10		142	2	3	5
				+V11	12	1	0	1
				+V12	12	1	0	1
			+V13		50	1	1	2
			^<V14		108	2	3	5
			^<V15		148	2	3	5
				+V16	13	1	0	1
				+V17	15	1	0	1
		^<V18			71	4	2	5
		^<V19			143	2	3	5
			+V20		91	1	1	2
			+V21		80	1	1	2
/N19								
	/V0				173	7	2	9
	^<V1				13	2	1	3
	^<V2				8	3	1	3
	^<V3				11	2	1	3
	^<V4				18	2	1	3
	^<V5				32	2	2	4
	^<V6				84	2	3	5
		+V7			63	1	1	2
		^<V8			111	2	3	5
		^<V9			150	2	3	5
			+V10		15	1	0	1
			+V11		17	1	0	1
	^<V12				117	2	3	5
		+V13			60	1	1	2
		^<V14			98	2	2	4
		+V15			76	1	1	2
		^<V16			127	2	3	5
	^<V17				117	3	3	6
/N20								
	/V0				36	2	0	2
		+V1			192	7	2	9
		^<V2			13	1	1	2
		^<V3			11	2	1	3
		^<V4			19	3	1	4
		^<V5			16	3	2	5
		^<V6			88	3	3	6
			+V7		35	1	1	2
			^<V8		104	2	2	4
			^<V9		99	2	2	4
			^<V10		96	3	2	5
			^<V11		125	3	2	5
				+V12	7	1	0	1
			+V13		37	1	1	2
			^<V14		113	2	2	4
			^<V15		112	2	2	4
			^<V16		112	3	2	5
			^<V17		108	3	2	5
		^<V18			166	3	4	7
		^<V19			200	3	3	6
			+V20		78	1	1	2
			^<V21		138	3	3	6
				+V22	7	1	0	1
				^<V23	156	2	2	4
			^<V24		296	3	4	7
				+V25	87	1	1	2
				+V26	87	1	1	2
			+V27		81	1	1	2
			^<V28		126	2	3	5
			^<V29		206	3	3	5
				+V30	83	1	1	2
				+V31	8	1	0	1
			^<V32		117	3	2	5
		^<V33			165	3	4	7
		^<V34			417	3	5	8
			+V35		174	1	2	3
			^<V36		198	3	3	6
				+V37	16	1	0	1
				^<V38	88	2	1	3
				+V39	18	1	0	1
				^<V40	99	3	1	4
			^<V41		123	4	2	5
			^<V42		11	4	0	4
			+V43		203	1	2	3
			^<V44		201	3	3	6
				+V45	17	1	0	1
				^<V46	111	3	1	4
				+V47	16	1	0	1
				^<V48	121	3	1	4
			^<V49		153	3	2	5
			^<V50		10	4	0	4
			+V51		103	1	1	2
			^<V52		132	4	2	6
			^<V53		238	3	3	6
				+V54	25	1	0	1
				^<V55	66	3	1	4
				+V56	22	1	0	1
				^<V57	63	3	1	4
			^<V58		84	3	2	5
			+V59		115	1	1	2
			^<V60		178	3	3	6
			^<V61		235	3	3	6
				+V62	94	1	1	2
				+V63	94	1	1	2
			^<V64		96	3	2	5
		^<V65			188	3	3	6
			+V66		102	1	1	2
			^<V67		224	3	3	6
			^<V68		128	4	3	7
				+V69	26	1	0	1
				^<V70	101	5	2	7
				+V71	30	1	0	1
				^<V72	67	6	1	7
			^<V73		100	4	2	6
			^<V74		78	3	2	5
				+V75	3	1	0	1
				+V76	3	1	0	1
			+V77		126	2	2	3
			^<V78		221	4	3	7
				+V79	20	1	0	1
				^<V80	92	5	2	7
				+V81	19	1	0	1
				^<V82	84	5	1	6
			^<V83		120	4	2	6
		^<V84			256	4	3	7
		^<V85			300	6	4	9
			+V86		57	1	0	1
			^<V87		87	3	2	5
			+V88		44	1	0	1
			^<V89		103	3	2	5
			^<V90		192	3	3	6
				+V91	20	1	0	1
				+V92	20	1	0	1
			+V93		73	1	0	1
			^<V94		107	1	3	4
			^<V95		218	3	3	6
				+V96	74	1	1	2
				+V97	63	2	1	2
			+V98		65	1	0	1
			^<V99		87	1	3	4
			^<V100		206	3	3	6
				+V101	28	1	0	1
				+V102	32	1	0	1
		^<V103			52	7	0	7
		^<V104			106	3	2	5
/N21								
	/V0				262	7	3	10
	^<V1				17	2	1	3
	^<V2				17	2	2	4
	^<V3				23	2	1	3
	^<V4				79	3	3	6
		+V5			48	1	1	2
		^<V6			81	2	2	4
		^<V7			101	2	2	4
		^<V8			95	4	2	6
		^<V9			140	4	3	7
			+V10		8	1	0	1
		+V11			46	1	1	2
		^<V12			92	2	2	4
		^<V13			111	2	2	4
		^<V14			76	2	2	4
		^<V15			40	2	1	3
		^<V16			114	2	3	5
		^<V17			161	2	3	5
			+V18		10	1	0	1
			+V19		10	1	0	1
	^<V20				79	2	2	4
	^<V21				224	3	4	7
		+V22			115	1	1	2
		^<V23			40	3	1	4
		^<V24			81	3	2	5
		^<V25			185	2	4	6
			+V26		11	1	0	1
			+V27		14	1	0	1
		+V28			116	1	1	2
		^<V29			56	1	2	3
		^<V30			45	2	1	3
		^<V31			97	3	2	5
		^<V32			145	2	3	5
		^<V33			5	2	0	2
			+V34		86	3	2	5
	^<V35				114	5	2	6
	^<V36				172	3	3	6
		+V37			128	1	1	2
		^<V38			220	1	5	6
			+V39		40	1	1	2
			^<V40		114	2	2	4
			+V41		40	1	1	2
			^<V42		60	2	1	3
		^<V43			282	2	5	7
			+V44		118	2	2	3
			+V45		93	1	1	2
			+V46		79	1	1	2
			+V47		79	1	1	2
	^<V48				232	3	4	7
		+V49			121	2	2	3
		^<V50			394	2	6	8
			+V51		105	1	1	2
			+V52		105	1	1	2
		^<V53			256	3	5	8
			+V54		44	1	0	1
			^<V55		8	2	0	2
			+V56		101	1	2	3
			+V57		56	1	1	2
			+V58		77	1	1	2
	^<V59				416	4	6	9
		+V60			211	1	3	4
		^<V61			198	3	3	6
			+V62		20	1	0	1
			+V63		18	1	0	1
		+V64			291	1	4	5
		^<V65			197	3	4	7
			+V66		79	1	1	2
			^<V67		80	2	1	3
			+V68		79	1	1	2
			^<V69		50	2	1	3
		^<V70			168	4	2	6
			+V71		23	1	0	1
			^<V72		51	3	1	4
			+V73		24	1	0	1
			^<V74		61	4	1	5
		^<V75			54	4	1	5
		+V76			188	1	3	4
		^<V77			248	4	4	8
			+V78		95	1	1	2
			+V79		31	1	0	1
	^<V80				279	3	4	7
		+V81			257	1	3	4
		^<V82			269	3	4	7
			+V83		88	1	1	2
			^<V84		60	3	2	5
			+V85		73	1	1	2
			^<V86		113	3	2	5
			^<V87		33	4	1	4
			+V88		20	1	0	1
			^<V89		79	3	1	4
		^<V90			165	3	3	6
			+V91		12	1	0	1
			^<V92		92	3	1	4
			+V93		30	1	0	1
			^<V94		94	3	2	5
		^<V95			77	3	2	5
		+V96			193	1	2	3
		^<V97			230	3	3	6
			+V98		25	1	0	1
			+V99		25	1	0	1
		^<V100			14	4	0	4
		+V101			157	2	2	3
		^<V102			172	3	2	5
			+V103		27	1	0	1
			^<V104		73	3	2	4
			+V105		21	1	0	1
			^<V106		61	2	2	4
			^<V107		83	2	2	4
		^<V108			141	3	3	6
		^<V109			159	3	4	7
			+V110		64	1	1	2
			+V111		52	1	1	2
		+V112			170	1	2	3
		^<V113			182	3	4	7
			+V114		92	1	1	2
			+V115		96	1	1	2
			^<V116		99	2	2	4
			^<V117		87	3	2	5
		^<V118			228	2	4	6
			+V119		75	1	1	2
			^<V120		92	3	2	5
			+V121		80	1	1	2
			^<V122		96	3	2	5
		^<V123			279	3	4	7
			+V124		56	1	1	2
			+V125		58	1	1	2
	^<V126				195	5	2	7
	^<V127				217	3	4	7
	^<V128				35	4	1	5
		+V129			66	1	0	1
		^<V130			135	2	5	6
			+V131		23	1	0	1
			+V132		23	1	0	1
	^<V133				102	4	4	7
		+V134			99	1	1	2
		+V135			95	1	1	2
		^<V136			15	3	1	4
/N22								
	/V0				338	13	2	14
	^<V1				4	3	2	4
	^<V2				6	3	1	4
	^<V3				9	2	1	3
	^<V4				40	3	2	5
	^<V5				101	2	3	5
		+V6			51	1	1	2
		^<V7			60	2	2	4
		^<V8			72	2	2	4
		^<V9			86	4	2	6
		^<V10			33	6	1	7
		^<V11			95	3	2	5
		^<V12			89	3	2	5
			+V13		15	1	0	1
			^<V14		49	4	1	4
			+V15		12	1	0	1
			^<V16		77	4	1	5
		^<V17			72	3	1	4
		+V18			51	1	1	2
		^<V19			75	2	2	4
		^<V20			72	2	2	4
		^<V21			35	4	1	4
		^<V22			34	4	1	4
	^<V23				60	2	2	4
	^<V24				100	3	3	6
		+V25			50	1	1	2
		^<V26			69	3	1	4
		^<V27			72	3	1	4
		^<V28			112	3	2	5
			+V29		12	1	0	1
			^<V30		92	4	1	5
			^<V31		37	5	1	5
		^<V32			123	3	2	5
		^<V33			122	3	2	5
			+V34		21	1	0	1
			^<V35		69	2	1	3
			+V36		20	1	0	1
			^<V37		52	3	1	3
		^<V38			115	3	2	5
		+V39			48	1	1	2
		^<V40			52	4	1	4
		^<V41			79	3	1	4
		^<V42			114	3	2	5
		^<V43			82	3	1	4
		^<V44			67	4	1	5
		^<V45			8	3	0	3
	^<V46				210	6	2	8
	^<V47				136	5	2	7
		+V48			25	1	0	1
		^<V49			54	4	1	5
		^<V50			129	3	2	5
		^<V51			142	3	2	5
			+V52		44	1	1	2
			+V53		44	1	1	2
		+V54			56	1	0	1
		^<V55			74	3	1	4
		^<V56			111	3	2	5
		^<V57			174	4	2	6
			+V58		18	1	0	1
			+V59		18	1	0	1
		+V60			57	1	0	1
		^<V61			31	3	1	3
		^<V62			32	3	2	4
		^<V63			94	3	1	4
	^<V64				99	14	0	14
/N23								
	/V0				247	9	3	11
	^<V1				10	2	1	3
	^<V2				25	2	1	3
	^<V3				30	2	1	3
	^<V4				80	2	2	4
		+V5			65	1	1	2
		^<V6			33	1	1	2
		^<V7			75	3	2	4
		^<V8			99	3	2	4
		^<V9			49	2	1	3
		^<V10			66	2	2	4
		^<V11			118	3	2	5
			+V12		110	1	2	3
			^<V13		47	2	1	3
			^<V14		134	2	2	4
			+V15		144	1	3	4
			^<V16		133	2	2	4
		^<V17			125	3	2	5
		^<V18			270	2	4	6
			+V19		101	1	1	2
			+V20		118	1	1	2
		+V21			81	1	1	2
		^<V22			52	2	1	3
		^<V23			90	3	2	4
		^<V24			99	2	2	4
		^<V25			165	5	3	8
			+V26		35	1	0	1
			^<V27		105	2	2	4
			^<V28		133	2	2	4
			+V29		33	1	0	1
			^<V30		98	2	2	4
			^<V31		60	2	1	3
		^<V32			195	2	5	7
		^<V33			282	2	4	6
			+V34		94	1	1	2
			+V35		106	1	1	2
	^<V36				123	3	2	4
	^<V37				151	3	2	5
	^<V38				135	5	2	7
		+V39			63	1	0	1
		^<V40			63	2	1	3
		^<V41			35	3	1	4
		^<V42			170	2	3	5
		^<V43			428	3	5	8
			+V44		210	1	2	3
			^<V45		90	5	1	6
			+V46		207	1	2	3
			^<V47		78	3	1	4
		^<V48			230	3	3	6
			+V49		121	1	1	2
			^<V50		6	2	0	2
			+V51		58	1	0	1
			^<V52		81	3	1	4
		^<V53			13	4	0	4
		^<V54			44	3	1	4
		+V55			63	1	0	1
		^<V56			45	3	1	3
		^<V57			50	2	1	3
		^<V58			215	3	4	7
			+V59		96	1	1	2
			^<V60		225	2	3	5
				+V61	33	1	0	1
				+V62	15	1	0	1
				^<V63	41	3	1	3
			^<V64		181	3	2	5
				+V65	9	1	0	1
				+V66	15	1	0	1
				^<V67	58	4	1	4
			^<V68		102	3	1	4
			+V69		89	1	1	2
			^<V70		79	2	1	3
		^<V71			336	3	4	7
			+V72		120	1	1	2
			^<V73		38	4	1	4
			+V74		128	1	1	2
			^<V75		73	2	1	3
		^<V76			247	3	2	5
			+V77		74	1	0	1
			^<V78		38	5	1	5
			+V79		97	1	1	2
			^<V80		51	5	1	5
			^<V81		11	3	0	3
			+V82		42	1	0	1
			^<V83		139	6	1	7
			+V84		43	1	0	1
			^<V85		146	7	1	8
		^<V86			160	9	2	10
	^<V87				119	4	2	6
	^<V88				485	3	5	8
		+V89			307	1	3	4
		^<V90			288	3	4	6
			+V91		65	1	0	1
			^<V92		87	4	1	5
			^<V93		112	4	2	6
			+V94		47	1	0	1
			^<V95		84	4	1	5
		^<V96			142	4	2	5
			+V97		130	1	1	2
			^<V98		62	2	1	3
			^<V99		188	6	3	8
				+V100	22	1	0	1
			+V101		114	1	1	2
			^<V102		42	3	1	3
			^<V103		101	6	2	8
		^<V104			63	8	0	8
		^<V105			198	4	4	7
			+V106		70	1	1	2
			+V107		66	1	1	2
		+V108			290	1	3	4
		^<V109			269	3	3	6
			+V110		70	1	1	2
			+V111		112	1	1	2
			^<V112		67	3	1	4
			+V113		63	1	0	1
			^<V114		11	4	0	4
			^<V115		15	3	1	4
			+V116		70	1	0	1
			^<V117		78	3	1	4
		^<V118			66	5	0	5
			+V119		61	1	0	1
			^<V120		96	3	2	5
			+V121		34	1	0	1
			^<V122		113	3	2	5
		^<V123			34	5	0	5
		^<V124			22	3	1	4
	^<V125				424	4	3	7
	^<V126				380	4	3	7
		+V127			267	1	3	4
			+V128		35	1	0	1
			^<V129		126	5	2	7
		^<V130			252	7	4	11
		^<V131			114	6	2	8
			+V132		26	1	0	1
			+V133		23	1	0	1
			+V134		26	1	0	1
		+V135			267	1	3	4
			+V136		36	1	0	1
			^<V137		99	5	2	7
		^<V138			258	7	4	11
			+V139		95	1	1	2
			^<V140		6	6	0	6
			+V141		77	1	1	2
			^<V142		33	5	1	6
			+V143		73	1	1	2
			^<V144		34	3	1	4
		+V145			262	1	3	4
			+V146		36	1	0	1
			^<V147		128	5	2	7
		^<V148			253	6	5	11
			+V149		91	1	1	2
			+V150		65	1	1	2
			^<V151		45	5	1	6
			+V152		58	1	1	2
			^<V153		49	4	1	5
		^<V154			10	5	0	5
		+V155			252	1	3	4
			+V156		35	1	0	1
			^<V157		121	5	2	7
		^<V158			222	7	4	11
			+V159		106	1	2	3
			+V160		74	1	1	2
			+V161		48	1	1	2
			^<V162		45	5	1	6
		^<V163			30	4	1	5
	^<V164				269	9	2	11
	^<V165				22	6	1	7
	^<V166				42	5	2	6
		+V167			41	1	0	1
		+V168			45	1	0	1
		+V169			50	1	0	1
		+V170			50	1	0	1
/N24								
	/V0				58	3	0	3
		+V1			203	7	3	10
		^<V2			22	2	2	4
		^<V3			32	2	1	3
		^<V4			33	2	2	4
		^<V5			146	2	4	6
		^<V6			190	3	4	7
			+V7		90	1	1	2
			^<V8		81	2	2	4
			^<V9		160	3	5	7
			^<V10		203	4	4	8
				+V11	63	1	1	2
				^<V12	81	3	2	5
				^<V13	77	3	2	4
				^<V14	20	3	1	4
				+V15	55	2	1	2
				^<V16	34	2	1	3
				^<V17	67	2	1	3
				^<V18	2	0	0	0
			^<V19		94	3	3	5
				+V20	70	1	1	2
				^<V21	53	2	2	4
				^<V22	32	3	2	5
				+V23	32	6	1	7
			+V24		84	1	1	2
			^<V25		94	2	2	4
			^<V26		171	4	4	7
				+V27	51	1	1	2
			^<V28		152	3	3	6
				+V29	25	1	0	1
				+V30	56	1	1	2
		^<V31			111	4	2	6
			+V32		69	1	1	2
			^<V33		174	2	4	6
			^<V34		114	3	2	5
				+V35	20	1	0	1
		^<V36			90	5	3	7
		^<V37			343	3	5	8
			+V38		222	1	3	4
			^<V39		152	3	4	7
				+V40	26	1	0	1
				^<V41	71	3	1	4
				^<V42	35	3	2	4
				+V43	56	1	1	2
				^<V44	71	2	2	4
			^<V45		142	2	3	5
			^<V46		115	3	3	6
				+V47	23	1	0	1
				+V48	53	1	1	2
				^<V49	52	2	1	3
			^<V50		106	3	3	5
			+V51		159	1	2	3
			^<V52		207	3	4	7
				+V53	50	2	1	2
				+V54	59	2	1	2
			^<V55		116	2	3	5
			+V56		212	1	3	4
			^<V57		187	3	4	7
				+V58	67	1	1	2
				^<V59	52	2	1	3
				^<V60	72	3	2	5
				+V61	62	1	1	2
				^<V62	126	4	2	6
				^<V63	20	4	1	5
			^<V64		162	3	4	7
			^<V65		76	2	3	5
		^<V66			217	4	4	8
			+V67		100	1	1	2
			^<V68		178	2	3	5
			^<V69		76	2	3	5
		^<V70			242	3	4	7
			+V71		177	1	2	3
			^<V72		204	5	5	10
				+V73	87	1	1	2
				^<V74	11	4	1	5
				+V75	67	1	1	2
			^<V76		67	4	3	7
				+V77	23	1	0	1
				+V78	42	1	1	2
		^<V79			114	3	5	8
		^<V80			74	3	4	7
			+V81		85	1	1	2
			+V82		97	1	1	2
			+V83		81	1	1	2
/N25								
	/V0				224	10	3	13
	^<V1				21	2	1	3
	^<V2				13	2	2	3
	^<V3				9	3	2	4
	^<V4				6	2	1	3
	^<V5				18	3	2	5
	^<V6				39	2	2	4
	^<V7				105	3	3	6
		+V8			38	1	0	1
		^<V9			39	2	1	3
		^<V10			40	3	2	4
		^<V11			72	2	2	4
		^<V12			128	3	3	6
			+V13		7	1	0	1
			^<V14		3	3	0	3
			^<V15		58	2	1	3
		^<V16			27	3	1	4
		^<V17			54	3	1	4
		^<V18			71	4	2	5
		^<V19			6	3	1	3
		+V20			63	1	1	2
		^<V21			78	2	2	4
		^<V22			81	2	2	4
		^<V23			25	2	1	3
	^<V24				85	3	2	5
	^<V25				158	3	3	6
		+V26			50	1	1	2
		^<V27			98	2	2	4
		^<V28			45	3	1	4
		^<V29			157	3	4	7
			+V30		54	1	1	2
			+V31		64	1	1	2
			^<V32		57	2	1	3
		^<V33			82	2	2	4
		^<V34			46	3	1	4
		+V35			40	2	1	2
		^<V36			109	2	2	4
	^<V37				80	3	3	6
	^<V38				135	3	2	5
		+V39			96	1	1	2
		^<V40			104	3	2	5
		^<V41			87	3	2	5
		^<V42			105	3	2	5
	^<V43				111	3	3	6
		+V44			35	1	0	1
		^<V45			184	3	2	5
		^<V46			65	3	1	4
		^<V47			29	4	1	4
		+V48			31	1	0	1
		^<V49			125	3	1	4
		^<V50			103	3	2	5
		^<V51			133	3	2	5
			+V52		22	1	0	1
			^<V53		96	3	1	4
			+V54		17	1	0	1
			^<V55		73	2	1	3
		^<V56			135	4	3	6
		+V57			30	1	0	1
		^<V58			180	3	2	5
		^<V59			174	3	3	6
		^<V60			183	3	3	6
			+V61		26	1	0	1
			+V62		26	1	0	1
	^<V63				89	3	1	4
	^<V64				128	3	2	5
	^<V65				171	3	3	6
		+V66			92	1	1	2
		^<V67			142	3	2	5
		+V68			89	1	1	2
		^<V69			137	3	2	5
		+V70			42	1	0	1
		^<V71			166	3	2	5
		+V72			80	1	1	2
		^<V73			147	4	2	6
	^<V74				15	5	0	5
/N26								
	/V0				326	14	4	17
	^<V1				3	4	1	5
	^<V2				9	2	2	4
	^<V3				16	2	2	4
	^<V4				91	3	3	6
		+V5			71	2	2	3
		^<V6			120	3	3	6
		^<V7			161	3	5	7
		^<V8			79	3	3	6
			+V9		14	1	0	1
			^<V10		82	3	1	4
		^<V11			140	2	3	5
		+V12			56	1	1	2
		^<V13			134	4	3	7
		^<V14			125	3	3	6
			+V15		53	1	1	2
			^<V16		64	4	2	6
			^<V17		114	2	3	5
			+V18		31	1	0	1
			^<V19		54	3	1	4
			^<V20		28	3	1	4
			^<V21		75	2	2	4
			^<V22		92	3	2	5
			^<V23		88	5	2	7
		^<V24			121	4	4	8
		^<V25			214	3	4	7
			+V26		76	1	1	2
			+V27		74	1	1	2
			^<V28		43	4	1	5
		^<V29			31	3	1	4
	^<V30				121	3	3	6
	^<V31				190	3	5	8
		+V32			151	1	3	4
		^<V33			37	4	2	6
			+V34		13	1	0	1
			^<V35		173	3	3	6
			^<V36		104	3	2	5
			^<V37		72	4	2	6
		^<V38			215	3	4	7
		^<V39			46	4	1	5
		^<V40			95	5	3	8
			+V41		27	1	0	1
			^<V42		79	3	2	5
			+V43		34	1	0	1
			^<V44		77	3	2	5
			^<V45		37	3	1	4
		^<V46			77	3	2	5
		^<V47			75	3	2	5
	^<V48				85	4	3	7
		+V49			48	1	1	2
		^<V50			403	3	7	10
		^<V51			293	4	5	9
			+V52		83	1	1	2
			+V53		82	1	1	2
			^<V54		76	3	2	5
		^<V55			65	3	1	4
	^<V56				377	4	6	9
	^<V57				455	8	6	14
		+V58			214	1	4	5
		^<V59			268	3	5	8
			+V60		76	1	1	2
			^<V61		34	4	1	5
			+V62		78	1	1	2
			^<V63		36	4	1	5
		^<V64			91	5	3	8
		^<V65			149	7	3	10
		+V66			211	1	4	5
		^<V67			293	4	5	9
			+V68		115	1	2	3
			^<V69		66	4	2	6
			+V70		113	1	2	3
			^<V71		62	5	2	7
		^<V72			132	6	4	10
			+V73		51	1	1	2
			^<V74		75	7	2	9
			+V75		53	1	1	2
			^<V76		75	6	2	8
		^<V77			72	3	2	5
		+V78			100	1	4	5
		^<V79			291	4	5	8
			+V80		105	1	2	3
			+V81		83	1	1	2
			^<V82		57	5	2	7
		^<V83			115	8	4	11
			+V84		44	1	1	2
			^<V85		21	3	1	4
		+V86			183	1	4	5
		^<V87			310	3	5	8
			+V88		80	1	1	2
			^<V89		34	5	1	6
			+V90		86	1	1	2
		^<V91			115	6	3	9
			+V92		48	1	1	2
			^<V93		35	3	1	4
			+V94		47	1	1	2
	^<V95				245	4	5	9
	^<V96				258	9	5	14
		+V97			99	1	2	3
		^<V98			70	2	3	5
		^<V99			147	3	3	6
			+V100		64	1	1	2
			+V101		64	1	1	2
		+V102			99	1	2	3
		^<V103			62	2	3	5
		^<V104			153	4	3	7
			+V105		70	1	1	2
			+V106		70	1	1	2
		+V107			70	1	1	2
		^<V108			70	2	3	5
		^<V109			136	4	3	6
			+V110		55	1	1	2
			+V111		33	1	0	1
		+V112			113	1	4	5
		^<V113			152	3	3	6
			+V114		65	1	1	2
			+V115		65	1	1	2
	^<V116				1	1	0	1
