515 1057 1017
518 1160 1257
519 741 875
25 11 26
28 13 17
29 12 21
31 5 4
35 3 2
36 34 63
39 6 15
41 32 67
42 42 44
555 [692 802] [845 934]
44 [35 69] 29
557 753 979
47 8
94 [158 123] [319 329]
54 97 85
56 104 77
57 28 20
58 81 50
61 10 7
62 55 [87 107]
63 24 19
65 14 9
579 923 1010
75 101 195
77 149 178
78 127 171
83 [133 98] 72
84 51 54
597 954 1066
602 915 1071
698 1308
606 1248 1362
96 [52 90] [134 165]
97 41 57
100 [170 142] 273
101 25 16
619 1136
109 [40 22] [61 31]
111 159 288
627 1021 1159
120 188 260
635 1199 1369
107 [27 49] [23 43]
132 203 269
133 112 [129 185]
142 [116 102] [187 193]
152 74 130
666 1083 1140
156 73 99
157 65 37
674 1147 1153
163 242 320
678 1098 1165
174 111 167
183 [283 191] [263 271]
186 114 109
190 [308 227] 366
191 [91 62] [151 103]
719 1331 1332
723 1141 1272
726 1437
216 [407 446] [611 562]
220 576 589
221 [207 342] 215
227 439 [352 449]
745 1276 1254
234 100 [221 184]
243 [256 398] 333
247 [108 156] [257 230]
248 211 317
762 1174 1316
252 429 584
254 316 204
255 341 444
256 120 [212 249]
43 30 18
262 384 377
776 1318 1322
779 1201 1387
285 872 762
805 1409
816 1487
818 1410
308 302 419
310 629 590
824 1466 1413
322 495 568
323 [655 758] 907
566 1053 1090
330 478 529
336 [592 571] [769 770]
568 996 1020
352 574 570
365 [412 351] [507 561]
367 [343 310] [581 497]
372 [649 620] [784 870]
373 [420 587] [401 530]
381 1035 1106
397 866 1043
400 642 668
407 740
420 [580 701] [432 522]
428 729 789
440 963 965
353 [440 579] 679
457 776 1680
462 744 749
478 1143 1351
166 416 397
493 922 943
494 [824 909] 856
496 1081
511 712 [888 903]
112 246 [217 261]
135 305 461
189 389 510
659 1131
800 [1311 1379] 1478
810 1384 1495
