2 2
3 3
4 8 7
5 6
6 4
7 5
8 14 22
9 17
10 9
11 10
12 16
13 19
14 11
15 13 12
16 15
17 21 39
18 20 28
19 23 34
20 30
21 33 53
22 24
23 40
24 54 35
25 52 18
26 26
27 43 27
28 36
29 32
30 31
31 67 60
32 74
33 66
34 89
35 42
36 37
37 76
39 106
40 83
41 75
42 56 25
43 49
44 94
45 68
46 93
51 84
52 70 105
53 57 29
59 114 121
60 130
61 79
63 146
64 142
65 71 69
66 72
67 137 136
68 156
69 91 55
70 103
71 115 62
72 161
78 185
79 90 108
80 102
83 178
86 141
87 150 214
88 111 127
89 140
90 206
91 207
94 163 237
95 222 216
99 153
100 192 263
102 182 210
103 119
106 266
107 258
108 110
111 170
112 265
115 200
116 232
118 123
120 261
121 151
122 167
125 259
128 269 347
129 271
130 251
131 275
132 190
134 240 159
135 180 300
138 186
139 179
140 242 311
141 244
145 298
146 166
152 341 317
153 122
155 229 316
157 309 404
159 321
162 217 233
163 302
164 267
165 193
166 203
169 307
172 223
173 218
174 281
176 107
178 285 209
181 253 333
184 364 356
186 330 303
187 304 239
188 194 288
190 392 439
193 147 95
194 325
198 377 378
199 283 299
202 238
203 241
206 99
207 125 181
216 312
218 402
219 289
220 417
222 442
224 365
226 165
227 117
228 409 359
233 475
234 337
235 438
239 469
241 382 487
243 358
245 437
246 396 441
249 274 314
250 202 252
251 447 319
258 131
259 459
261 539 429
263 498 481
264 132 133
272 493 410
273 352
278 461 443
280 234 262
282 425 500
285 504 566
286 490
289 418
291 176 172
297 394
298 511
303 536 414
306 488 426
307 502
311 492 477
319 606
320 560
323 574
325 668 548
326 369 342
328 565
330 451 484
334 556
341 293
344 561
345 558 607
348 633 568
350 393 433
351 509 580
359 463 464
363 472 572
365 653
367 276
368 528
372 625 769
373 589 494
376 711
382 370 542
383 331 535
384 579
385 667
386 629
390 713 594
397 624
398 694
404 294 332
409 828 714
412 649
413 619 661
416 697 814
417 388 318
418 640
420 612 598
423 610 744
425 677
427 758 664
432 658
433 657 749
436 608 669
440 506
442 837 700
446 680
449 874
450 526
458 741 868
463 762 717
466 804 719
468 424
471 937
474 870
475 849 1004
484 881 693
500 684
501 571 834
504 803 842
506 826
507 978
511 569 708
512 522
513 893
514 772
517 796
528 813
530 1022 956
533 916 945
536 809 763
537 768
538 904 810
543 792
551 935 3347
557 778 925
569 885 747
571 886 908
573 954 1051
574 1086
576 900 981
581 1010 961
582 995
584 920
593 818 554
597 1061 1274
603 1040
614 1166
617 721 690
619 933 913
626 1167
634 815 990
636 853
637 976
638 1049 1025
648 1012
650 1014
653 1203
655 1020
657 1210
660 1056 1153
661 969
665 785 878
666 891 974
669 1021
671 1257 1151
683 1039 1032
685 911
692 1286 1165
694 1239
695 816 1101
697 3349
521 802 1131
699 1199
701 1084
703 1216
708 879
711 1285 1095
726 1152 1263
732 1043
735 1320
736 1133 1135
744 1178 1288
902 1397
746 1065 1460
748 1102 960
750 1009 1138
756 1259
762 1287
764 1247
773 1206 1103
775 1419
778 1146
784 1336 1485
796 1418
809 1366 1337
831 1057
839 1231
840 1383
842 1296 1444
844 1517
845 1377
849 1492
851 1258
852 1136 1385
854 1264 1289
856 1125
862 1271
869 1502
870 1347
873 1359
883 1328
887 1424 1526
888 1250 1173
891 1381
893 1464
894 1570
895 1533
901 1465
908 1467
913 1447
946 1338 1552
955 1313 1654
957 1572
968 1650 1679
978 1895
979 1520 1456
985 1360 1790
987 1284 1461
1010 1534 1524
1011 1592 1627
1012 1661
1014 1573
1022 1699
1024 1470
1025 1593
1032 1580 1684
1037 1473 1351
1053 1637
1061 1747 1817
1066 1649
1076 1342
1077 1658
1086 1727
1101 1608 1751
1145 1737 1746
1154 1721
1169 1756 1774
1173 1900
1184 1827
1185 1869 1845
1188 1769
1211 1780 [1830 2073]
1231 1788
727 1028 1232
734 1115
1462 1960
1630 2038
1313 1948
1353 1924
1016 1624
1163 1743
1206 1826
1235 1910
1085 1736
1355 1996
1482 1950 2101
1600 2100 2289
1645 2213 2366
1252 2029
1215 1928
1114 1680
1337 2299
1380 2204
1584 2618 2741
1358 2189
1182 1999
1427 2407
1627 2610
1673 2748
1309 2237 2534
1373 2408
1133 2166
1489 2619
1108 2190
1537 2624
1019 1840
1132 2018
1226 2085
1445 2519
984 1671
1344 2311
1082 1818
1476 2646
1208 2043
1458 2461
1326 2236
1535 2608
1581 2632
1543 2439 2598
1764 2898
1504 2395
1730 2700
1839 2851
1558 2424 2605
1328 2176
1333 2071 2288
1619 2319
1542 2309
1681 2484
1635 2184
1671 2263
1105 1640
1261 1778
1302 1995
1303 2049 2276
1322 2008 1951
1323 2110 2178
1364 1982
1366 2112 2298
1762 2750
1713 2693
1487 2386
1392 2074
1400 1938
1444 2440
1450 2017
1451 2164
405 674
1052 1541
1539 2655
1465 2200
1763 2416 2713
1684 2895
1593 2455
1605 2609
485 787 651
667 1097 3348
1244 3351
1051 3350
892 1394 1484
