260 256 234
133 29 44 39 57
321 372
392 518 606
393 462
267 323 397
268 353 243
269 186 248 308
272 428 352
145 61 47 35 31
146 84 63
276 336
153 310 227
154 62 96
290 365 254
165 120 163 216
171 183 133
519 635 698 726
434 515 619
201 101 157
500 597 579
188 65 107
446 493 566
193 174 156 109
322 367
353 440 496
200 97 142 152
329 373
332 330 407
214 322 262
224 190 252
144 166 220
354 526 457 637
103 77 54 78 112
104 58 42 43 28
234 542 452 406
108 282 203
402 400 494
367 511 557
243 221 255
372 564 636
251 247 191
126 132 111 83
383 420 555
468 519 602
99 41 25 56 36
520 627 568 674
602 719
634 762 723
317 478
192 285 381
115 283
94 189 135
