2 6
4 2 4
5 12 9
6 17
7 3 5
8 15 7
9 8 21
10 10 11
11 35 28
12 27 51
13 42
14 13 23
15 20 31
16 18 24
17 65 30
18 36 26
19 43 22
20 [44 32] 87
21 70 89
22 29 25
23 40 39
24 53
25 19 [45 33]
26 79 [122 80]
27 34 41
28 59 102
29 99 140
30 [118 66] 69
31 52
32 134 181
34 135 194
35 155
37 [37 46] [64 78]
40 71 61
41 72 100
42 [108 166] [234 243]
43 83 68
44 121 199
49 63 91
50 188 146
51 173 103
52 159
54 88 178
55 163 [220 261]
57 128 157
571 1208 1458
61 86 111
62 67 116
63 298 245
65 [60 90] 94
67 228 272
580 955
69 259 241
584 1303 [1326 1535]
73 141 132
74 112 152
587 985 883
77 328 282
592 1082 1476
81 303 251
99 246 174
85 320 398
87 325
90 222 285
91 115 145
97 385 474
98 368 297
611 1366 1543
100 95 [139 138]
101 [412 384] 311
102 233 323
529 844 1132
104 [442 513] 372
107 365 449
108 235 169
109 [106 131] [187 172]
111 289 216
112 373 273
114 [107 130] [162 153]
116 239 319
120 [120 164] [125 165]
123 581 433
127 475
129 306
130 [190 263] 198
133 363
134 376 416
103 129 186
142 463 351
655 1444 1581
149 458 [582 703]
151 184 224
156 286 218
158 538 418
159 [397 528] [432 557]
165 471 507
167 413 [307 386]
170 405 536
171 574 614
642 1133 1489
178 573 692
184 176 206
185 446 423
187 348 427
188 626 597
701 1215
191 485 514
193 409 533
195 [517 685] [537 666]
712 1188 [1392 1465]
561 946
203 484 551
204 [334 425] [344 390]
207 249 350
211 250 207
212 202 226
215 330 436
217 653 762
221 193 264
230 278 359
753 1252 1593
242 657 671
246 735 849
249 227 291
530 [708 1014] 978
256 [697 655] 521
257 345 420
260 784 [894 796]
261 901 869
269 [637 701] [839 778]
273 748 619
283 667 727
288 [750 987] [661 831]
562 1302 1504
302 [258 341] [367 512]
310 280 417
316 506 576
317 382 383
320 [775 895] 809
522 636 854
838 592 698
333 [650 669] 504*
341 726 571
342 500 543
343 326 [440 450]
351 466 569
352 891 862
366 [699 764] 887
377 1085 [840 908]*
397 968 [1169 1053]
398 744 [870 902]
401 404 593
579 1010 1154
407 1011 1145
412 683
581 695 957
416 1032 1185
419 501 [732 845]
420 468 665
668 1108 [1537 1732]*
429 [1012 913] 1061
432 511 634
72 203 219
440 736 851
444 746 984
446 1025 1211
449 1066 1101
478 660 1019
495 1283 1163
568 [1206 1235] [1353 1313]
497 617 873
3 14 16
507 852
227 603 530
308 756 694
263 584 734
271 648
384 892 [1016 1051]
679 [1024 1052] 842
1680 [1231 1261] [1400 1450]
574 1184 1322
570 [1077 1105] [1244 1355]
729 [1630 1462] [1635 1671]
789 1482 1600
722 1514 1624
818 1619 1645
776 [1364 1451] [1542 1681]
888 1763
903 1684
692 1114 1337
802 1380 1584
741 [1182 1358] 1427
744 1309 1715
749 1373 1776
740 [1445 1674] 1823*
620 1226 1539
758 1831 1764
576 1323 1558
589 [1328 1487] [1713 1762]
389 1086 1173
305 [893 1022] 885
232 711
222 638
368 1076 856
430 1037
