515 775 1266 291 585
4 1447 983
5 665 1718
6 1029 1118
519 156 254
1035 442 1095
12 877 1027 1058
1037 1694 136
1038 60 675
528 1072 1330
856 1451 1645 589
20 561 941 1249
534 1174 1498 1684
536 448 779 66
539 733 1564
540 2 344
31 194 203
274 1296 366
548 365 1526
549 39 1433
550 8 1279
551 20 463 872
552 178 532
553 981 1465
554 1542 946
43 423 102 535 1642
557 1563 236
888 510 1531
566 1124 380
568 1504 1338 879
569 1551 1427 944
571 1078 952
60 1406 874
61 614 1432
574 3 252 204
63 536
65 220 717
66 1114 329
67 1474
694 1741 337
588 1662 458 15
590 1389 226
79 1006 1240 93
593 810 560
83 1598 748
598 388 543 432 268
91 1047 1334
610 1236 1227 1599 522
99 1393 655
612 1541 1207
620 1629 1687
621 371 1424
110 1116 565
189 1562
112 1707
446 1132 896
123 1164
125 890 1430
640 1605 802
132 1742 1255 1726
22 1398
651 657 913 1698
141 455 1682
654 1569 496
657 1015 1184
146 258 1013
149 1680 241
662 9 1733
663 438 987
153 584 945 1209 1547
155 958 1655
668 609 651
158 1688 188
161 338 1215
675 187 1533
165 1501 1667
678 426 464
28 1314 1689
682 1404 737
517 770 646 1341 50
173 497 789
689 1302
690 621 1332 135
691 598 1472
180 222 277 1193
181 537 935
182 379 1149 1223 1434
543 762 49
701 240 1679
190 1674 578
373 1626 1537
706 819 653 176
195 825 1409
708 16 1574 393
198 778
713 790 1528
714 627 1653
203 600 1307 1388
718 573 1154
719 716 1606
721 201 328
723 133 165
206 304 1721
726 1170 1123
215 1407 1512
216 809 950
729 80 5
732 988 1268
221 475 417
734 1073 1583 1586 1133
223 812 294
737 59 1304
739 399 514 530
230 1658 918
234 705 1372
39 539
748 1557 1468
749 527 1672
40 190 562
754 698 1035
755 169 1168 1230 1719
244 352 889
757 978
759 333 862
760 1190 1509
761 513 244 1696
250 144 1597 803 1681
298 574 883
766 719
946 566 1520
769 292 1377
213 269 1085
771 1046
471 1456 1299
793 886
270 804 1664
45 322 857 1135
273 319 616 904
786 1105 472
787 1624 842
791 863 613
792 1082
998 1231 1238
802 471 1713
987 145 502 547 1328
41 835 1034
807 1365 1103 1242
297 1256 1615
810 100 1204
816 1198 1693
305 1575 412
306 147 969
308 832 1382
658 860 895 1602
312 1264 1426
479 305 1342
828 714 791
831 973 477 1739
320 95 1284
834 1019 311
835 18 878
225 476 608
328 1643 1160
329 847 1510
332 1244 1275 998
333 1147 1482
846 296 1134 982
335 556 722 1052
337 1714 1734
850 120 674 1592 1588
339 811 443
852 801 279 887
142 1641 1081 1711
344 640
857 172 1291 1020
59 1461 302 280
868 346 1040 1392
869 559 312
360 1704 658
316 11 86 966
874 846 503 1232
364 1511 650
365 553 324
880 856 1635
884 141
62 1568 972
489 215 541 1651 1743
376 1685 642
892 1038 264 462 37
381 89
382 1343 939
832 119 1364 281
898 1225 143
235 1269 1582 1298
900 580 552
901 1374 1359 38
390 923 218 986
391 976 1143
905 623 363
909 1153 773 1262
399 661 888
912 1399 977 955
920 1596 68 1045
405 760 457
408 1100 1462
410 736 685
508 22 493 1437
150 848 26 1208
491 695 158 568 389
928 807 1345
417 1361 990
932 1165 1363
421 1196 504
241 1051 40 1355
936 41 754
839 792 638
413 34 690
434 1729 1494
435 1273 78
948 927
949 74
439 662 192
500 138 814
445 278 1188
958 711 148
447 359 1732
416 162 75
963 689 898 1621
964 1637
456 750
844 1325 105
972 398
976 275 1260
249 663 788
591 1366 1023 1201 409
990 207 1686
211 782 57
482 1650 243
483 227 422 688
484 592 1554
715 1253 392
999 727 1523
1001 1428 326
327 838 308
493 48 171 23
1006 255 669
1007 1327 1335
498 213 272
1011 871 1475
1012 332 1282
501 1436 1628
504 1546 1670
460 173 327
1023 739 1259
