1537 614 517
1541 35 65
532 55 103 207
1045 623 589
1051 22 25
1029 603 675
1569 378 290
38 116 92
689 58 89
40 12 17
41 56 111
178 63 47
560 127 154
565 902 832
566 68 96
60 19 10
574 385
66 487 530 539
68 556 640
1605 588 599
1100 373 339
589 714 715
78 583 613
1105 893 840 933 1028
1621 90 74
89 364 350
1626 615 590
93 508 533 454
1118 805 759
1124 39 80
1637 129 195 95 60
1645 575 553
1135 725 819 841
1650 633 646 685
627 374 321
1653 420 504
1143 440 481
638 340 256
1302 400 457 515
138 653 532
1164 13 18
141 266 281
655 215 265
1170 770 688
1684 239
662 2 7
663 571 674
1688 177 119
675 8 16
1188 72 37
1190 562 507
685 78 41
688 671 757 788
1713 11 20
1714 86 101
371 238 302
1207 134 225 140
188 146
1726 689
192 14 24
1734 85 117
711 668 669 565 581
201 549 582
1742 830 779
1240 734 639
218 273 217
736 93 43
737 235 150
739 222 152 291
1255 791 741
1404 241 142
1259 263 153
754 199 181
243 516 493
553 380 478 465
1273 439 488
778 31 61 84
779 467 538
1296 15 21
278 125 66
279 622 555
792 306 216
1498 272 319
801 560 502
802 719 693
810 115 109
814 600 527
650 315 253
832 36 44
322 740 765
324 370 475 461
1078 435 409 498
471 3 4
1355 33 53
846 899 1017
1359 104 71
227 945 877 845
857 852 839
1374 182 141 187 145
352 395 304 303
1382 136 94
871 167 211
1596 421 482
365 310 403
366 9
1393 124 165
883 464 386
1398 6 5
380 79 112
1406 28 38 26 23
898 87 57
1174 144 180 179
1424 164 174
496 295
422 760 836
1447 107 83
1451 524 586 707 716
1462 456 525
952 307 221
448 348 391
1475 77 100
417 786 747
976 255 325
983 149 128
472 955 1177 1117
986 236 175
475 656 726
1509 387 459
1511 392 376
1006 727 638
1520 40 29
1526 377 419 492
503 888 988
598 851 875
328 670 684
359 602 804
